6 0.12890625 0.05625 0.221875 0.05625
4 0.96328125 0.16015625 0.0296875 0.0515625
4 0.96328125 0.29140625 0.03203125 0.0515625
4 0.9625 0.428125 0.03046875 0.053125
4 0.96171875 0.5609375 0.0296875 0.0421875
4 0.96328125 0.6953125 0.03203125 0.053125
4 0.0359375 0.15703125 0.03984375 0.06875
4 0.034375 0.2921875 0.04296875 0.07265625
4 0.0328125 0.4296875 0.04140625 0.065625
4 0.0359375 0.5640625 0.0375 0.07109375
4 0.0359375 0.7 0.0375 0.07421875
6 0.0953125 0.1359375 0.07265625 0.04765625
6 0.096875 0.40390625 0.07890625 0.04453125
6 0.09453125 0.26640625 0.0703125 0.0515625
6 0.09609375 0.5390625 0.07578125 0.04609375
6 0.0953125 0.67265625 0.0703125 0.053125